0.26627218934911245
0.6710526315789473
384
0.23333333333333334
0.5526315789473685
316
0.20300751879699247
0.42105263157894735
229
0.313953488372093
0.42105263157894735
146
0.28169014084507044
0.5921052631578947
339
0.2247191011235955
0.3026315789473684
167
0.24812030075187969
0.5131578947368421
256
0.2706766917293233
0.5526315789473685
291
0.21428571428571427
0.15789473684210525
44
0.28205128205128205
0.18421052631578946
45
0.275
0.18421052631578946
52
0.226890756302521
0.42105263157894735
214
0.1791044776119403
0.3815789473684211
211
0.3
0.5526315789473685
272
0.27102803738317754
0.4473684210526316
205
0.23308270676691728
0.4605263157894737
276
0.2706766917293233
0.5526315789473685
291
0.24107142857142858
0.4342105263157895
227
0.23943661971830985
0.2894736842105263
136
0.2289156626506024
0.3026315789473684
132
0.28776978417266186
0.618421052631579
321
0.4107142857142857
0.3815789473684211
93
0.3958333333333333
0.5789473684210527
176
0.3173076923076923
0.5131578947368421
287
0.15217391304347827
0.13157894736842105
57
0.2835820895522388
0.3157894736842105
122
0.24793388429752067
0.47368421052631576
259
0.24812030075187969
0.5131578947368421
256
0.22916666666666666
0.3684210526315789
156
0.24390243902439024
0.34210526315789475
134
0.27672955974842767
0.6578947368421053
287
0.2727272727272727
0.5
244
0.2549019607843137
0.42105263157894735
166
0.3157894736842105
0.39473684210526316
113
0.3111111111111111
0.2236842105263158
58
0.23943661971830985
0.2894736842105263
136
0.24793388429752067
0.47368421052631576
222
0.3333333333333333
0.618421052631579
268
0.23404255319148937
0.35526315789473684
141
0.2537313432835821
0.2631578947368421
130
0.21794871794871795
0.27631578947368424
156
0.0
0.0
5
0.0
0.0
2
0.1962025316455696
0.4473684210526316
299
0.23076923076923078
0.40789473684210525
239
0.20689655172413793
0.35526315789473684
218
1
0.5660377358490566
0.868421052631579
192
0.62
0.4868421052631579
61
0.416
0.7631578947368421
232
0.3486238532110092
0.5921052631578947
141
0.8055555555555556
0.47368421052631576
43
0.4842105263157895
0.6973684210526315
179
0.3783783783783784
0.631578947368421
191
0.48863636363636365
0.6578947368421053
134
0.3869047619047619
0.9473684210526315
323
0.8055555555555556
0.47368421052631576
43
0.48936170212765956
0.6973684210526315
170
0.4742268041237113
0.6973684210526315
158
0.4807692307692308
0.75
177
0.37719298245614036
0.6447368421052632
202
0.4883720930232558
0.631578947368421
141
0.4891304347826087
0.6710526315789473
143
0.5783132530120482
0.7236842105263158
153
0.62
0.4868421052631579
61
0.3829787234042553
0.5657894736842105
146
0.5263157894736842
0.18421052631578946
25
0.6
0.6842105263157895
110
0.4583333333333333
0.6578947368421053
144
0.3486238532110092
0.5921052631578947
141
0.5111111111111111
0.6710526315789473
164
0.5128205128205128
0.618421052631579
117
0.5232558139534884
0.6842105263157895
139
0.49137931034482757
0.8421052631578947
226
0.5185185185185185
0.631578947368421
138
0.5465116279069767
0.7105263157894737
132
0.47126436781609193
0.631578947368421
146
0.5
0.6842105263157895
144
0.40963855421686746
0.5394736842105263
120
0.3485714285714286
0.8947368421052632
307
0.3860759493670886
0.8947368421052632
275
0.5203252032520326
0.9342105263157895
218
0.4095238095238095
0.6447368421052632
179
0.49137931034482757
0.8421052631578947
230
0.41964285714285715
0.7105263157894737
184
0.49606299212598426
0.9210526315789473
236
0.45925925925925926
0.9078947368421053
254
0.23684210526315788
0.3157894736842105
103
0.4782608695652174
0.8026315789473685
201
0.47244094488188976
0.881578947368421
203
0.44525547445255476
0.8947368421052632
240
0.4315068493150685
0.9210526315789473
279
0.52
0.5921052631578947
91
0.4583333333333333
0.6578947368421053
144
0.43478260869565216
0.881578947368421
254
0.28125
0.2631578947368421
100
0.3090909090909091
0.2631578947368421
81
42